{
  "nbformat": 4,
  "nbformat_minor": 0,
  "metadata": {
    "colab": {
      "provenance": []
    },
    "kernelspec": {
      "name": "python3",
      "display_name": "Python 3"
    },
    "language_info": {
      "name": "python"
    }
  },
  "cells": [
    {
      "cell_type": "markdown",
      "source": [
        "\n",
        "\n",
        "---\n",
        "\n",
        "\n",
        "**Assignment - Week 3**\n",
        "\n",
        "---\n",
        "Christopher Mena - CAI2300C\n",
        "\n",
        "\n",
        "\n"
      ],
      "metadata": {
        "id": "ApApI4dDcxV3"
      }
    },
    {
      "cell_type": "markdown",
      "source": [
        "\n",
        "\n",
        "---\n",
        "\n",
        "\n",
        "**IMPORTS**\n",
        "\n",
        "\n",
        "---\n",
        "\n"
      ],
      "metadata": {
        "id": "6u58cv0Adbl3"
      }
    },
    {
      "cell_type": "code",
      "execution_count": 4,
      "metadata": {
        "id": "tfI8ZlOwoTmI"
      },
      "outputs": [],
      "source": [
        "import numpy as np\n",
        "import openai\n",
        "import os\n",
        "from scipy.spatial import distance\n",
        "from sklearn.metrics.pairwise import cosine_similarity\n",
        "\n",
        "# Initialize OpenAI API key\n",
        "openai.api_key = \"SECRET_MENA_API_KEY\"\n"
      ]
    },
    {
      "cell_type": "markdown",
      "source": [
        "\n",
        "\n",
        "---\n",
        "\n",
        "\n",
        "**Part 1 : Understanding Embeddings**\n",
        "\n",
        "\n",
        "---\n",
        "First, we generate a synthetic dataset of movies and their relevant information. Next, we create a vector of this dataset.  This is so we can use OpenAI's text embeddings.\n",
        "\n",
        "\n"
      ],
      "metadata": {
        "id": "7NQKVy5pcyL-"
      }
    },
    {
      "cell_type": "code",
      "source": [
        "movies = [\n",
        "    {\n",
        "        \"title\": \"Galactic Odyssey\",\n",
        "        \"short_description\": \"A crew of explorers embarks on a mission to uncover the secrets of a distant galaxy, only to face unforeseen cosmic threats.\",\n",
        "        \"price\": 12.99,\n",
        "        \"category\": \"Sci-Fi\",\n",
        "        \"features\": [\n",
        "            \"Space exploration\",\n",
        "            \"Alien encounters\",\n",
        "            \"Advanced AI\",\n",
        "            \"Intergalactic battles\"\n",
        "        ]\n",
        "    },\n",
        "    {\n",
        "        \"title\": \"The Haunted Manor\",\n",
        "        \"short_description\": \"A group of friends spends a night in a secluded mansion, unaware of the dark secrets lurking within its walls.\",\n",
        "        \"price\": 9.99,\n",
        "        \"category\": \"Horror\",\n",
        "        \"features\": [\n",
        "            \"Supernatural occurrences\",\n",
        "            \"Paranormal investigations\",\n",
        "            \"Haunted house\",\n",
        "            \"Psychological terror\"\n",
        "        ]\n",
        "    },\n",
        "    {\n",
        "        \"title\": \"Love in Paris\",\n",
        "        \"short_description\": \"A struggling writer and a passionate artist cross paths in Paris, igniting a romance that changes their lives forever.\",\n",
        "        \"price\": 11.99,\n",
        "        \"category\": \"Romance\",\n",
        "        \"features\": [\n",
        "            \"Parisian setting\",\n",
        "            \"Heartfelt love story\",\n",
        "            \"Emotional character arcs\",\n",
        "            \"Beautiful cinematography\"\n",
        "        ]\n",
        "    },\n",
        "    {\n",
        "        \"title\": \"Cyber Heist\",\n",
        "        \"short_description\": \"A team of elite hackers plans the biggest digital heist in history, but betrayal threatens their mission.\",\n",
        "        \"price\": 14.99,\n",
        "        \"category\": \"Thriller\",\n",
        "        \"features\": [\n",
        "            \"High-stakes hacking\",\n",
        "            \"Government conspiracy\",\n",
        "            \"Action-packed chases\",\n",
        "            \"Mind games\"\n",
        "        ]\n",
        "    },\n",
        "    {\n",
        "        \"title\": \"Dragon’s Reign\",\n",
        "        \"short_description\": \"A young warrior must unite warring kingdoms to stop an ancient dragon from destroying the world.\",\n",
        "        \"price\": 10.99,\n",
        "        \"category\": \"Fantasy\",\n",
        "        \"features\": [\n",
        "            \"Epic battles\",\n",
        "            \"Legendary dragons\",\n",
        "            \"Sword and sorcery\",\n",
        "            \"Hero’s journey\"\n",
        "        ]\n",
        "    },\n",
        "    {\n",
        "        \"title\": \"The Last Stand\",\n",
        "        \"short_description\": \"A retired soldier is forced back into action when a ruthless gang threatens his hometown.\",\n",
        "        \"price\": 13.99,\n",
        "        \"category\": \"Action\",\n",
        "        \"features\": [\n",
        "            \"Explosive fight scenes\",\n",
        "            \"Heroic last mission\",\n",
        "            \"High-speed chases\",\n",
        "            \"Justice vs. revenge\"\n",
        "        ]\n",
        "    },\n",
        "    {\n",
        "        \"title\": \"Laughter Therapy\",\n",
        "        \"short_description\": \"A failed comedian takes a job at a mental health clinic, using humor to bring joy to struggling patients.\",\n",
        "        \"price\": 8.99,\n",
        "        \"category\": \"Comedy\",\n",
        "        \"features\": [\n",
        "            \"Heartwarming humor\",\n",
        "            \"Unexpected friendships\",\n",
        "            \"Uplifting moments\",\n",
        "            \"Feel-good storytelling\"\n",
        "        ]\n",
        "    },\n",
        "    {\n",
        "        \"title\": \"Time Paradox\",\n",
        "        \"short_description\": \"A scientist's experiment goes wrong, sending him 100 years into the future, where he must fix the past to save the present.\",\n",
        "        \"price\": 15.99,\n",
        "        \"category\": \"Sci-Fi\",\n",
        "        \"features\": [\n",
        "            \"Time travel mystery\",\n",
        "            \"Scientific dilemmas\",\n",
        "            \"Butterfly effect\",\n",
        "            \"Futuristic technology\"\n",
        "        ]\n",
        "    },\n",
        "    {\n",
        "        \"title\": \"The Silent Witness\",\n",
        "        \"short_description\": \"A deaf woman becomes the only witness to a murder and must find a way to communicate the truth before it's too late.\",\n",
        "        \"price\": 10.49,\n",
        "        \"category\": \"Thriller\",\n",
        "        \"features\": [\n",
        "            \"Suspenseful storytelling\",\n",
        "            \"Unique protagonist\",\n",
        "            \"Race against time\",\n",
        "            \"Murder mystery\"\n",
        "        ]\n",
        "    },\n",
        "    {\n",
        "        \"title\": \"Lost in the Jungle\",\n",
        "        \"short_description\": \"A group of explorers gets stranded in an uncharted jungle filled with ancient ruins and hidden dangers.\",\n",
        "        \"price\": 12.49,\n",
        "        \"category\": \"Adventure\",\n",
        "        \"features\": [\n",
        "            \"Survival against nature\",\n",
        "            \"Ancient mysteries\",\n",
        "            \"Exploration and discovery\",\n",
        "            \"Thrilling adventure\"\n",
        "        ]\n",
        "    },\n",
        "    {\n",
        "        \"title\": \"Cursed Melody\",\n",
        "        \"short_description\": \"A gifted pianist discovers that her music has the power to summon spirits—both good and evil.\",\n",
        "        \"price\": 11.99,\n",
        "        \"category\": \"Horror\",\n",
        "        \"features\": [\n",
        "            \"Supernatural elements\",\n",
        "            \"Musical horror\",\n",
        "            \"Haunting atmosphere\",\n",
        "            \"Psychological depth\"\n",
        "        ]\n",
        "    },\n",
        "    {\n",
        "        \"title\": \"Runaway Bride\",\n",
        "        \"short_description\": \"A woman leaves her fiancé at the altar and embarks on a cross-country road trip of self-discovery.\",\n",
        "        \"price\": 9.99,\n",
        "        \"category\": \"Romance\",\n",
        "        \"features\": [\n",
        "            \"Romantic comedy\",\n",
        "            \"Personal growth\",\n",
        "            \"Love and second chances\",\n",
        "            \"Feel-good ending\"\n",
        "        ]\n",
        "    },\n",
        "    {\n",
        "        \"title\": \"Undercover Agent\",\n",
        "        \"short_description\": \"A detective goes undercover in a dangerous cartel to bring down the organization from within.\",\n",
        "        \"price\": 13.99,\n",
        "        \"category\": \"Action\",\n",
        "        \"features\": [\n",
        "            \"Espionage thriller\",\n",
        "            \"Undercover operations\",\n",
        "            \"Explosive action\",\n",
        "            \"Twists and betrayals\"\n",
        "        ]\n",
        "    },\n",
        "    {\n",
        "        \"title\": \"Cosmic Voyage\",\n",
        "        \"short_description\": \"An astronaut is stranded on an alien planet and must work with an unexpected ally to survive.\",\n",
        "        \"price\": 14.99,\n",
        "        \"category\": \"Sci-Fi\",\n",
        "        \"features\": [\n",
        "            \"Alien encounters\",\n",
        "            \"Survival in space\",\n",
        "            \"Interstellar adventure\",\n",
        "            \"Astrophysics themes\"\n",
        "        ]\n",
        "    },\n",
        "    {\n",
        "        \"title\": \"Midnight Whispers\",\n",
        "        \"short_description\": \"A journalist uncovers a hidden conspiracy while investigating a series of mysterious disappearances.\",\n",
        "        \"price\": 12.99,\n",
        "        \"category\": \"Thriller\",\n",
        "        \"features\": [\n",
        "            \"Investigative journalism\",\n",
        "            \"Dark conspiracy\",\n",
        "            \"Psychological tension\",\n",
        "            \"Unexpected twists\"\n",
        "        ]\n",
        "    },\n",
        "    {\n",
        "        \"title\": \"Kingdom’s Fate\",\n",
        "        \"short_description\": \"A princess must choose between duty and love as her kingdom faces invasion.\",\n",
        "        \"price\": 10.99,\n",
        "        \"category\": \"Fantasy\",\n",
        "        \"features\": [\n",
        "            \"Royal intrigue\",\n",
        "            \"Epic battles\",\n",
        "            \"Forbidden romance\",\n",
        "            \"Medieval setting\"\n",
        "        ]\n",
        "    },\n",
        "    {\n",
        "        \"title\": \"World’s Funniest Crimes\",\n",
        "        \"short_description\": \"A group of bumbling thieves accidentally become heroes when they foil a real crime while attempting their own heist.\",\n",
        "        \"price\": 8.49,\n",
        "        \"category\": \"Comedy\",\n",
        "        \"features\": [\n",
        "            \"Hilarious misadventures\",\n",
        "            \"Unlikely heroes\",\n",
        "            \"Crime gone wrong\",\n",
        "            \"Lighthearted fun\"\n",
        "        ]\n",
        "    },\n",
        "    {\n",
        "        \"title\": \"The Last Laugh\",\n",
        "        \"short_description\": \"A retired comedian is forced to return to the stage to save his struggling comedy club.\",\n",
        "        \"price\": 9.99,\n",
        "        \"category\": \"Comedy\",\n",
        "        \"features\": [\n",
        "            \"Stand-up comedy\",\n",
        "            \"Second chances\",\n",
        "            \"Heartwarming story\",\n",
        "            \"Redemption arc\"\n",
        "        ]\n",
        "    },\n",
        "    {\n",
        "        \"title\": \"Everlasting Summer\",\n",
        "        \"short_description\": \"A coming-of-age story about four friends who spend their last summer together before going their separate ways.\",\n",
        "        \"price\": 7.99,\n",
        "        \"category\": \"Drama\",\n",
        "        \"features\": [\n",
        "            \"Coming-of-age journey\",\n",
        "            \"Emotional storytelling\",\n",
        "            \"Strong character development\",\n",
        "            \"Nostalgic themes\"\n",
        "        ]\n",
        "    }\n",
        "]\n",
        "\n"
      ],
      "metadata": {
        "id": "_92taOALocdz"
      },
      "execution_count": 10,
      "outputs": []
    },
    {
      "cell_type": "markdown",
      "source": [
        "\n",
        "\n",
        "---\n",
        "**Part 2: Build a Recommender System**\n",
        "\n",
        "\n",
        "---\n",
        "Here, we used OpenAI's API to access the text-embedding model (the cheapest one I think), to create numerical embeddings for the movie descriptions.  This allowed us to calculate the cosine similairities and identify movies that are most similar to the query.  Provided output show an example.\n",
        "\n",
        "\n"
      ],
      "metadata": {
        "id": "29e0ZhwSeLl3"
      }
    },
    {
      "cell_type": "code",
      "source": [
        "# Function to create embeddings using OpenAI's API\n",
        "def create_embeddings(texts, model=\"text-embedding-3-small\"):\n",
        "    embeddings = []\n",
        "    for text in texts:\n",
        "        try:\n",
        "            # Correct method for embedding API (for the model specified)\n",
        "            response = openai.Embedding.create(\n",
        "                input=text,\n",
        "                model=model\n",
        "            )\n",
        "            embeddings.append(response['data'][0]['embedding'])\n",
        "        except Exception as e:\n",
        "            print(f\"Error generating embedding for text: {text[:50]}... Error: {e}\")\n",
        "    return embeddings\n",
        "\n",
        "# Function to create a combined text for each movie from its attributes\n",
        "def create_movie_text(movie):\n",
        "    return f\"\"\"Title: {movie['title']}\n",
        "Description: {movie['short_description']}\n",
        "Category: {movie['category']}\n",
        "Features: {'; '.join(movie['features'])}\"\"\"\n",
        "\n",
        "# Combine the relevant features for each movie\n",
        "movie_texts = [create_movie_text(movie) for movie in movies]\n",
        "\n",
        "# Get embeddings for all the movie descriptions\n",
        "movie_embeddings = create_embeddings(movie_texts)\n",
        "\n",
        "# Convert movie embeddings to NumPy array for easier calculations\n",
        "movie_embeddings = np.array(movie_embeddings)\n",
        "\n",
        "# Calculate cosine similarity between all movies\n",
        "similarity_matrix = cosine_similarity(movie_embeddings)\n",
        "\n",
        "# Print the similarity matrix\n",
        "print(similarity_matrix)\n",
        "\n",
        "# Optionally, print the most similar movies to a given movie\n",
        "movie_idx = 0  # for example, the first movie\n",
        "similarities = similarity_matrix[movie_idx]\n",
        "most_similar_idx = similarities.argsort()[-5:][::-1]  # Top 5 most similar movies\n",
        "\n",
        "print(f\"Movies most similar to {movies[movie_idx]['title']}:\")\n",
        "for idx in most_similar_idx:\n",
        "    print(f\"- {movies[idx]['title']} with similarity score: {similarities[idx]}\")"
      ],
      "metadata": {
        "id": "d9O8rG5noeXc",
        "colab": {
          "base_uri": "https://localhost:8080/"
        },
        "outputId": "2da9a2da-422d-471f-9bc2-aaa5d412b7e7"
      },
      "execution_count": 14,
      "outputs": [
        {
          "output_type": "stream",
          "name": "stdout",
          "text": [
            "[[1.         0.43727413 0.35205576 0.47986594 0.5385538  0.43986784\n",
            "  0.28100421 0.53666444 0.3317801  0.58265051 0.38599656 0.36405908\n",
            "  0.51995068 0.78427993 0.42756827 0.4852454  0.39198804 0.31595095\n",
            "  0.39208834]\n",
            " [0.43727413 1.         0.36652581 0.43355215 0.37472001 0.39309292\n",
            "  0.39196905 0.44800102 0.47632112 0.51533364 0.56831731 0.36518694\n",
            "  0.4289098  0.45551062 0.58533521 0.4251521  0.42749499 0.36936141\n",
            "  0.40877817]\n",
            " [0.35205576 0.36652581 1.         0.35379344 0.32663841 0.35964075\n",
            "  0.44423257 0.42687636 0.38315061 0.35571797 0.41299455 0.54881973\n",
            "  0.39783531 0.41867673 0.41027599 0.4678339  0.33411691 0.42794261\n",
            "  0.55792531]\n",
            " [0.47986594 0.43355215 0.35379344 1.         0.373307   0.51881827\n",
            "  0.33240695 0.49056802 0.46344326 0.40177839 0.37798837 0.36318856\n",
            "  0.62955806 0.42621765 0.51926306 0.37618598 0.55070442 0.35210512\n",
            "  0.34797126]\n",
            " [0.5385538  0.37472001 0.32663841 0.373307   1.         0.46062845\n",
            "  0.24198338 0.3790594  0.31116148 0.52668606 0.38892684 0.3377359\n",
            "  0.44842612 0.45698186 0.37222166 0.69489363 0.34165585 0.32417689\n",
            "  0.3724281 ]\n",
            " [0.43986784 0.39309292 0.35964075 0.51881827 0.46062845 1.\n",
            "  0.33461791 0.3658172  0.43558379 0.42745081 0.31003564 0.43468521\n",
            "  0.58465421 0.41841012 0.40988206 0.39762055 0.43629351 0.61209901\n",
            "  0.45110092]\n",
            " [0.28100421 0.39196905 0.44423257 0.33240695 0.24198338 0.33461791\n",
            "  1.         0.3414915  0.39502592 0.288417   0.38798896 0.50625837\n",
            "  0.36303158 0.36503713 0.35640023 0.27524484 0.53855396 0.70428767\n",
            "  0.44701879]\n",
            " [0.53666444 0.44800102 0.42687636 0.49056802 0.3790594  0.3658172\n",
            "  0.3414915  1.         0.41594312 0.46772147 0.40855593 0.42090446\n",
            "  0.44864667 0.55615423 0.48131797 0.43026474 0.40915276 0.34626517\n",
            "  0.40760802]\n",
            " [0.3317801  0.47632112 0.38315061 0.46344326 0.31116148 0.43558379\n",
            "  0.39502592 0.41594312 1.         0.38050869 0.47893349 0.42993887\n",
            "  0.48449708 0.38515259 0.66535954 0.37123336 0.38843638 0.42650777\n",
            "  0.39912119]\n",
            " [0.58265051 0.51533364 0.35571797 0.40177839 0.52668606 0.42745081\n",
            "  0.288417   0.46772147 0.38050869 1.         0.40494617 0.39973465\n",
            "  0.48700817 0.57095415 0.48010988 0.47555983 0.41677493 0.30966222\n",
            "  0.40947498]\n",
            " [0.38599656 0.56831731 0.41299455 0.37798837 0.38892684 0.31003564\n",
            "  0.38798896 0.40855593 0.47893349 0.40494617 1.         0.35718759\n",
            "  0.37397162 0.4292118  0.53145448 0.4709728  0.31257495 0.37610543\n",
            "  0.4010083 ]\n",
            " [0.36405908 0.36518694 0.54881973 0.36318856 0.3377359  0.43468521\n",
            "  0.50625837 0.42090446 0.42993887 0.39973465 0.35718759 1.\n",
            "  0.40903647 0.43423994 0.42909981 0.45134954 0.43889242 0.51773368\n",
            "  0.51440231]\n",
            " [0.51995068 0.4289098  0.39783531 0.62955806 0.44842612 0.58465421\n",
            "  0.36303158 0.44864667 0.48449708 0.48700817 0.37397162 0.40903647\n",
            "  1.         0.47678671 0.58415863 0.45142846 0.49563592 0.37859543\n",
            "  0.36095055]\n",
            " [0.78427993 0.45551062 0.41867673 0.42621765 0.45698186 0.41841012\n",
            "  0.36503713 0.55615423 0.38515259 0.57095415 0.4292118  0.43423994\n",
            "  0.47678671 1.         0.44056124 0.45459643 0.39924099 0.38109026\n",
            "  0.43683748]\n",
            " [0.42756827 0.58533521 0.41027599 0.51926306 0.37222166 0.40988206\n",
            "  0.35640023 0.48131797 0.66535954 0.48010988 0.53145448 0.42909981\n",
            "  0.58415863 0.44056124 1.         0.44221956 0.41691896 0.37855012\n",
            "  0.4319001 ]\n",
            " [0.4852454  0.4251521  0.4678339  0.37618598 0.69489363 0.39762055\n",
            "  0.27524484 0.43026474 0.37123336 0.47555983 0.4709728  0.45134954\n",
            "  0.45142846 0.45459643 0.44221956 1.         0.34479167 0.33358674\n",
            "  0.41603815]\n",
            " [0.39198804 0.42749499 0.33411691 0.55070442 0.34165585 0.43629351\n",
            "  0.53855396 0.40915276 0.38843638 0.41677493 0.31257495 0.43889242\n",
            "  0.49563592 0.39924099 0.41691896 0.34479167 1.         0.51710833\n",
            "  0.31852445]\n",
            " [0.31595095 0.36936141 0.42794261 0.35210512 0.32417689 0.61209901\n",
            "  0.70428767 0.34626517 0.42650777 0.30966222 0.37610543 0.51773368\n",
            "  0.37859543 0.38109026 0.37855012 0.33358674 0.51710833 1.\n",
            "  0.47310473]\n",
            " [0.39208834 0.40877817 0.55792531 0.34797126 0.3724281  0.45110092\n",
            "  0.44701879 0.40760802 0.39912119 0.40947498 0.4010083  0.51440231\n",
            "  0.36095055 0.43683748 0.4319001  0.41603815 0.31852445 0.47310473\n",
            "  1.        ]]\n",
            "Movies most similar to Galactic Odyssey:\n",
            "- Galactic Odyssey with similarity score: 1.000000000000001\n",
            "- Cosmic Voyage with similarity score: 0.7842799334621458\n",
            "- Lost in the Jungle with similarity score: 0.5826505122720338\n",
            "- Dragon’s Reign with similarity score: 0.5385537965822603\n",
            "- Time Paradox with similarity score: 0.5366644406313316\n"
          ]
        }
      ]
    },
    {
      "cell_type": "markdown",
      "source": [
        "\n",
        "\n",
        "---\n",
        "**Part 3: Build a Classifier**\n",
        "\n",
        "\n",
        "---\n",
        "In this part, we built an embedding-centric classifier, using OpenAI's API. We prepared our training data,  split the data into training and testing sets, standard things for a model. We then produced a classification report.  The model's results show that it is struggling a little bit, but this is to be expected with only a small dataset of 20 movies.  The concept and learning has been achieved, however.\n",
        "\n",
        "\n"
      ],
      "metadata": {
        "id": "Rxjeel6c3f-Y"
      }
    },
    {
      "cell_type": "code",
      "source": [
        "from sklearn.model_selection import train_test_split\n",
        "from sklearn.linear_model import LogisticRegression\n",
        "from sklearn.metrics import accuracy_score, classification_report\n",
        "from sklearn.preprocessing import LabelEncoder"
      ],
      "metadata": {
        "id": "KCT_1UQyocgL"
      },
      "execution_count": 15,
      "outputs": []
    },
    {
      "cell_type": "code",
      "source": [
        "movie_labels = [movie['category'] for movie in movies]\n",
        "\n",
        "# Encode\n",
        "label_encoder = LabelEncoder()\n",
        "movie_labels_encoded = label_encoder.fit_transform(movie_labels)\n",
        "\n",
        "# Split the data\n",
        "X_train, X_test, y_train, y_test = train_test_split(movie_embeddings, movie_labels_encoded, test_size=0.3, random_state=42)\n",
        "\n",
        "# Build the classifier\n",
        "classifier = LogisticRegression(max_iter=1000)\n",
        "classifier.fit(X_train, y_train)\n",
        "\n",
        "# Predict on the test set\n",
        "y_pred = classifier.predict(X_test)\n",
        "\n",
        "# Evaluate performance\n",
        "accuracy = accuracy_score(y_test, y_pred)\n",
        "print(f\"Accuracy: {accuracy}\")\n",
        "\n",
        "# Print classification report\n",
        "target_names = label_encoder.classes_\n",
        "\n",
        "# Use classes present in the test set\n",
        "unique_classes_in_test = np.unique(y_test)\n",
        "target_names_for_test = label_encoder.classes_[unique_classes_in_test]\n",
        "\n",
        "print(\"Classification Report:\")\n",
        "print(classification_report(y_test, y_pred, target_names=target_names_for_test))\n"
      ],
      "metadata": {
        "id": "Q9GLdZnmocit",
        "colab": {
          "base_uri": "https://localhost:8080/"
        },
        "outputId": "1b4705fd-5a54-49f3-857d-a907d095f6cb"
      },
      "execution_count": 18,
      "outputs": [
        {
          "output_type": "stream",
          "name": "stdout",
          "text": [
            "Accuracy: 0.5\n",
            "Classification Report:\n",
            "              precision    recall  f1-score   support\n",
            "\n",
            "      Action       0.00      0.00      0.00         1\n",
            "      Comedy       0.33      1.00      0.50         1\n",
            "      Horror       0.00      0.00      0.00         1\n",
            "     Romance       0.00      0.00      0.00         1\n",
            "      Sci-Fi       1.00      1.00      1.00         1\n",
            "    Thriller       0.50      1.00      0.67         1\n",
            "\n",
            "    accuracy                           0.50         6\n",
            "   macro avg       0.31      0.50      0.36         6\n",
            "weighted avg       0.31      0.50      0.36         6\n",
            "\n"
          ]
        },
        {
          "output_type": "stream",
          "name": "stderr",
          "text": [
            "/usr/local/lib/python3.11/dist-packages/sklearn/metrics/_classification.py:1565: UndefinedMetricWarning: Precision is ill-defined and being set to 0.0 in labels with no predicted samples. Use `zero_division` parameter to control this behavior.\n",
            "  _warn_prf(average, modifier, f\"{metric.capitalize()} is\", len(result))\n",
            "/usr/local/lib/python3.11/dist-packages/sklearn/metrics/_classification.py:1565: UndefinedMetricWarning: Precision is ill-defined and being set to 0.0 in labels with no predicted samples. Use `zero_division` parameter to control this behavior.\n",
            "  _warn_prf(average, modifier, f\"{metric.capitalize()} is\", len(result))\n",
            "/usr/local/lib/python3.11/dist-packages/sklearn/metrics/_classification.py:1565: UndefinedMetricWarning: Precision is ill-defined and being set to 0.0 in labels with no predicted samples. Use `zero_division` parameter to control this behavior.\n",
            "  _warn_prf(average, modifier, f\"{metric.capitalize()} is\", len(result))\n"
          ]
        }
      ]
    }
  ]
}